12889
12890
12891
12894
12892
12895
12896
12893
12897
12899
12900
12902
12898
12903
12904
12901
12905
12907
12908
12910
12911
12912
12906
12913
12909
12914
12915
12917
12918
12920
12921
12922
12916
12923
12924
12919
12926
12927
12929
12930
12931
12925
12932
12928
12933
12934
12936
12938
12939
12940
12935
12941
12937
12942
12943
12944
12947
12948
12949
12945
12950
12946
12951
12952
12955
12956
12957
12953
12954
12958
12959
12960
12962
12963
12965
12961
12966
12967
12964
12968
12969
12971
12973
12974
12970
12975
12972
12976
12977
12978
12980
12982
12979
12983
12984
12981
12985
12986
12988
12989
12991
12992
12987
12993
12990
12994
12995
12997
12999
13000
13001
13002
12996
12998
13003
13004
13005
13006
13008
13010
13011
13007
13012
13013
13009
13014
13015
13018
13019
13020
13016
13021
13022
13017
13023
13025
13026
13028
13029
13024
13027
13030
13031
13032
13035
13036
13037
13038
13033
13039
13034
13040
13041
13043
13045
13046
13042
13047
13044
13048
13049
13051
13053
13050
13054
13055
13056
13052
13057
13058
13059
13061
13062
13064
13065
13060
13066
13063
13067
13068
13070
13071
13073
13074
13069
13075
13072
13076
13077
13079
13080
13082
13083
13084
13078
13081
13085
13086
13088
13089
13091
13092
13087
13093
13090
13094
13095
13097
13099
13100
13101
13096
13102
13103
13098
13104
13105
13107
13109
13110
13106
13111
13112
13108
13113
13114
13115
13118
13119
13120
13116
13121
13122
13117
13123
13124
13126
13128
13129
13125
13130
13127
13131
13132
13134
13135
13137
13138
13133
13139
13140
13136
13141
13142
13145
13146
13147
13143
13148
13144
13149
13150
13152
13154
13155
13151
13156
13157
13153
13158
13159
13161
13162
13164
13165
13166
13160
13167
13163
13168
13169
13171
13173
13174
13175
13170
13176
13172
13177
13178
13179
13181
13183
13184
13180
13185
13182
13186
13187
13188
13190
13191
13193
13194
13189
13195
13192
13196
13197
13200
13201
13198
13202
13203
13199
13204
13206
13207
13209
13210
13205
13211
13208
13212
13213
13215
13216
13218
13219
13214
13220
13217
13221
13222
13224
13226
13227
13223
13228
13229
13225
13230
13232
13233
13235
13236
13231
13237
13234
13238
13239
13240
13242
13243
13245
13246
13241
13247
13244
13248
13249
13250
13252
13253
13255
13251
13256
13257
13254
13258
13260
13261
13263
13264
13259
13265
13262
13266
13267
13269
13271
13272
13268
13273
13274
13270
13275
13276
13278
13280
13281
13277
13282
13279
13283
13284
13285
13287
13288
13290
13286
13291
13292
13289
13293
13294
13296
13298
13299
13295
13300
13297
13301
13302
13304
13305
13307
13308
13309
13303
13310
13306
13311
13312
13314
13315
13317
13313
13318
13319
13316
13320
13321
13322
13324
13326
13327
13323
13328
13329
13325
13330
13332
13333
13335
13336
13331
13337
13334
13338
13339
13341
13343
13344
13340
13345
13342
13346
13347
13348
13350
13352
13353
13349
13354
13351
13355
13356
13358
13360
13361
13357
13362
13359
13363
13364
13366
13367
13368
13369
13365
13370
13371
13372
13373
13375
13377
13378
13374
13376
13379
13380
13382
13383
13385
13386
13381
13387
13388
13384
13389
13391
13392
13394
13390
13395
13393
13396
13397
13398
13400
13402
13399
13403
13404
13401
13405
13407
13408
13410
13411
13406
13412
13409
13413
13414
13416
13417
13418
13420
13415
13421
13419
13422
13423
13424
13426
13428
13429
13425
13427
13430
13431
13432
13434
13436
13437
13438
13433
13439
13435
13440
13441
13443
13444
13446
13442
13447
13448
13445
13449
13450
13451
13453
13452
13457
13454
13458
13463
13465
13460
13462
13467
13470
13474
13469
13476
13472
13479
13482
13480
13485
13481
13488
13492
13487
13490
13495
13500
13496
13502
13498
13504
13509
13506
13511
13507
13515
13518
13514
13516
13520
13524
13526
13522
13528
13525
13531
13535
13537
13532
13534
13540
13545
13546
13541
13543
13548
13552
13550
13555
13553
13558
13562
13559
13564
13561
13566
13570
13567
13573
13569
13575
13578
13576
13581
13579
13584
13587
13590
13585
13588
13592
13596
13594
13600
13597
13603
13607
13604
13605
13610
13613
13611
13617
13614
13620
13624
13619
13622
13626
13631
13628
13633
13630
13636
13640
13635
13637
13642
13647
13643
13645
13649
13654
13651
13653
13657
13662
13659
13661
13666
13671
13667
13669
13673
13678
13675
13676
13682
13683
13685
13687
13690
13689
13695
13692
13699
13702
13697
13700
13705
13711
13707
13709
13713
13718
13715
13717
13721
13725
13723
13728
13724
13731
13735
13730
13733
13738
13741
13740
13745
13742
13749
13748
13753
13751
13756
13761
13757
13763
13759

